09:44 29 09 2013
lat: 48.20065
long: 3.28268
presis: 18000
comment: commantaire
11:46 29 09 2013
lat: 48.20065
long: 3.28268
presis: 18000
comment: test
